1 44714U 19074B   25185.10309702  .00001139  00000+0  95347-4 0  9999
2 44714  53.0543 222.5680 0000929  70.9472 289.1618 15.06403089311451
1 44716U 19074D   25184.33470878  .00094710  00000+0  15582-2 0  9996
2 44716  53.0549 209.2996 0009348 336.6709  23.3874 15.51562796311385
1 44717U 19074E   25184.44514961 -.00000725  00000+0 -29830-4 0  9999
2 44717  53.0540 245.5210 0000793  79.4252 280.6826 15.06396650310905
1 44718U 19074F   25184.48385321 -.00000666  00000+0 -25809-4 0  9996
2 44718  53.0554 225.3472 0001170  80.3457 279.7664 15.06394875311182
1 44719U 19074G   25184.91667824  .00178581  00000+0  97550-3 0  9997
2 44719  53.0502 198.5596 0009280 348.8733 103.2506 15.78795405311766
1 44720U 19074H   25185.25002315  .00657884  20161-3  13612-2 0  9993
2 44720  53.0249 145.0079 0004109 119.3965  19.4283 15.98626244312556
1 44721U 19074J   25184.91667824  .00174430  00000+0  16000-2 0  9999
2 44721  53.0549 202.0698 0010160 343.5151 152.0547 15.66634648311719
1 44723U 19074L   25184.37473768  .00014550  00000+0  97024-3 0  9995
2 44723  53.0533 225.7378 0001650   2.5619 357.5378 15.07287430311178
1 44724U 19074M   25184.41382307 -.00000586  00000+0 -20454-4 0  9999
2 44724  53.0545 225.6610 0001307  77.3298 282.7837 15.06394190311172
1 44725U 19074N   25185.14917578  .00001238  00000+0  10204-3 0  9999
2 44725  53.0541 242.3618 0001082  91.2387 268.8726 15.06384098311175
1 44726U 19074P   25184.91667824  .00169122  00000+0  17768-2 0  9998
2 44726  53.0518 205.4157 0010708 344.9719  16.1645 15.63232186311672
1 44734U 19074X   25185.11504447  .00005084  00000+0  65645-4 0  9996
2 44734  53.0548 125.8475 0001309 114.3634 245.7516 15.60937905312782
1 44735U 19074Y   25184.91667824  .00144326  00000+0  12101-2 0  9993
2 44735  53.0504 226.3885 0009484 332.8892 207.3401 15.68953654311370
1 44736U 19074Z   25185.12844868  .00038212  00000+0  13708-2 0  9993
2 44736  53.0585 236.5384 0004466 324.4008  35.6692 15.28352351311263
1 44741U 19074AE  25184.44882790  .00000584  00000+0  58068-4 0  9990
2 44741  53.0550 245.5066 0001252  98.5851 261.5280 15.06399690310909
1 44744U 19074AH  25184.64234384 -.00000184  00000+0  65212-5 0  9992
2 44744  53.0560 264.6369 0001147  91.2869 268.8251 15.06402004310657
1 44747U 19074AL  25184.75828652  .00008858  00000+0  23906-3 0  9991
2 44747  53.0483 197.8223 0003819  87.8441 272.2999 15.38577548311622
1 44748U 19074AM  25185.21735198  .00001056  00000+0  89766-4 0  9996
2 44748  53.0550 262.0562 0000987  84.9397 275.1705 15.06398150310913
1 44751U 19074AQ  25184.63497402  .00000647  00000+0  62301-4 0  9999
2 44751  53.0553 264.6697 0001039  93.5124 266.5984 15.06398418310651
1 44752U 19074AR  25185.07578611  .00003280  00000+0  14093-3 0  9991
2 44752  53.0710 221.4371 0002830 119.7378 240.3901 15.25533634311471
1 44753U 19074AS  25184.39538791 -.00000440  00000+0 -10643-4 0  9996
2 44753  53.0536 225.7463 0001097  85.5932 274.5182 15.06396606311179
1 44758U 19074AX  25184.54559813  .00018913  00000+0  33845-3 0  9996
2 44758  53.0436 224.1872 0001374  62.6939 297.4209 15.50042948311227
1 44759U 19074AY  25184.46198265  .00074817  00000+0  16068-2 0  9990
2 44759  53.0533 254.8509 0007907 313.7711  46.2639 15.44016891308425
1 44761U 19074BA  25184.47184363  .00084222  00000+0  13572-2 0  9996
2 44761  53.0476 250.6590 0010931 307.8276  52.1742 15.52177898310843
1 44762U 19074BB  25185.13452134  .00116694  00000+0  12269-2 0  9996
2 44762  53.0519 225.4952 0010779 333.4842  26.5619 15.63410710311404
1 44765U 19074BE  25184.54467482 -.00002636  00000+0 -15823-3 0  9997
2 44765  53.0545 245.0747 0000808  83.0807 277.0273 15.06385681310916
1 44768U 19074BH  25184.62391427  .00000292  00000+0  38471-4 0  9993
2 44768  53.0550 264.7187 0001029  89.2887 270.8220 15.06400797310664
1 44771U 19074BL  25184.54651022  .00000047  00000+0  22054-4 0  9996
2 44771  53.0552 265.0684 0001088  88.4301 271.6813 15.06400754310641
1 44772U 19074BM  25184.60364535 -.00001489  00000+0 -81085-4 0  9996
2 44772  53.0542 244.8121 0001180  82.7489 277.3634 15.06397213310929
1 44917U 20001D   25184.91667824  .00238616  00000+0  18715-2 0  9990
2 44917  53.0519   5.2395 0005939 233.3843 320.4850 15.70288422  6014
1 44922U 20001J   25185.25002315  .00185644  00000+0  12608-2 0  9999
2 44922  53.0559   5.3058 0004822 242.0821 165.4605 15.73866930302635
1 44925U 20001M   25184.91079996  .00067329  00000+0  18859-2 0  9996
2 44925  53.0569  13.0601 0005149 183.3378 176.7591 15.36011607302491
1 44927U 20001P   25184.97407793 -.00000620  00000+0 -22720-4 0  9991
2 44927  53.0564  23.1444 0001337  93.7791 266.3351 15.06402571302360
1 44930U 20001S   25184.85612892 -.00000171  00000+0  74184-5 0  9992
2 44930  53.0574  23.6735 0001415  88.7138 271.4013 15.06402523302346
1 44932U 20001U   25184.48215900  .00363357  70460-4  55013-3 0  9999
2 44932  53.0322 286.2697 0008426 336.4105  23.6538 16.03961908304907
1 44933U 20001V   25185.16021954  .00101658  00000+0  26271-2 0  9995
2 44933  53.0517 351.7358 0007078  62.6675 297.5048 15.38295769304111
1 44934U 20001W   25185.25002315  .00271838  00000+0  18882-2 0  9993
2 44934  53.0488 341.1602 0008507 253.7749 346.5918 15.73049460302963
1 44937U 20001Z   25185.25002315  .00225982  29622-4  75665-3 0  9994
2 44937  53.0314 260.7995 0008147 295.9275 145.4480 15.89707035304101
1 44940U 20001AC  25184.85307956  .00028296  00000+0  41146-3 0  9992
2 44940  53.0501 350.3037 0007097 237.0747 122.9581 15.55546989302809
1 44941U 20001AD  25184.93537176 -.00000134  00000+0  99174-5 0  9999
2 44941  53.0560   3.3184 0001277 103.4092 256.7040 15.06406179302635
1 44942U 20001AE  25185.20187223  .00043519  00000+0  43174-3 0  9995
2 44942  52.9967 179.4621 0003795  32.4552 327.6694 15.65364113305222
1 44949U 20001AM  25184.89111541  .00008400  00000+0  58168-3 0  9995
2 44949  53.0535   3.5137 0001191  93.3552 266.7574 15.06431413302629
1 44954U 20001AS  25185.25002315  .00250297  00000+0  22663-2 0  9993
2 44954  53.0531 323.4487 0011046 263.3274 183.9894 15.66695180303167
1 44961U 20001AZ  25184.82295474 -.00000922  00000+0 -42991-4 0  9991
2 44961  53.0581 343.8278 0001522  93.7233 266.3930 15.06404568302902
1 44968U 20001BG  25185.15837337 -.00000402  00000+0 -81164-5 0  9994
2 44968  53.0565 342.3210 0001053  87.3303 272.7807 15.06408643302954
1 44969U 20001BH  25185.14541551  .00508410  13160-3  74285-3 0  9993
2 44969  53.0338 269.2432 0007693 334.8742  25.1913 16.04530768303939
1 44970U 20001BJ  25184.91667824  .00180655  22995-4  59077-3 0  9997
2 44970  53.0368 253.2759 0005636 341.0271 349.2229 15.90275927  5960
1 44972U 20001BL  25185.04407107  .00039507  00000+0  80190-3 0  9997
2 44972  53.0182 298.0568 0001997 157.4749 202.6344 15.45985376303569
1 44973U 20001BM  25184.91667824  .00133253  00000+0  88237-3 0  9990
2 44973  53.0330 268.3872 0008935 295.6809 201.9078 15.74590953  6026
1 45044U 20006A   25185.05149459  .00002492  00000+0  18624-3 0  9993
2 45044  53.0553 302.7989 0001249  97.4236 262.6895 15.06383208299605
1 45047U 20006D   25184.69585711 -.00000241  00000+0  26954-5 0  9998
2 45047  53.0564 324.9338 0001314  94.7552 265.3587 15.06401644298925
1 45048U 20006E   25184.73584702  .00032016  00000+0  15371-2 0  9995
2 45048  53.0536 316.0371 0006549 146.4088 213.7323 15.18587157299055
1 45052U 20006J   25185.25002315  .00247665  35336-4  59659-3 0  9994
2 45052  53.0372 228.6485 0009523 336.1364  72.6152 15.95924419300665
1 45054U 20006L   25184.66629556  .00000562  00000+0  56638-4 0  9995
2 45054  53.0565 324.5279 0001145  91.6527 268.4593 15.06405274298928
1 45057U 20006P   25184.68105716  .00011016  00000+0  75690-3 0  9991
2 45057  53.0547 324.4599 0000974  93.1893 266.9208 15.06418114298931
1 45060U 20006S   25184.75844694 -.00000511  00000+0 -15381-4 0  9990
2 45060  53.0554 324.1154 0001401  92.0242 268.0907 15.06401650298946
1 45061U 20006T   25184.76582393 -.00000030  00000+0  16869-4 0  9994
2 45061  53.0558 324.0832 0001323  94.6505 265.4635 15.06401751298947
1 45062U 20006U   25184.61838739 -.00001168  00000+0 -59498-4 0  9996
2 45062  53.0566 324.7410 0001307  94.9999 265.1139 15.06400046298928
1 45064U 20006W   25184.76397840  .00000389  00000+0  44969-4 0  9996
2 45064  53.0548 304.0873 0001198  93.2768 266.8358 15.06400740299224
1 45067U 20006Z   25184.91667824  .00095989  00000+0  96515-3 0  9991
2 45067  53.0528 289.6248 0009095 296.7865   6.9305 15.64652214  5804
1 45068U 20006AA  25185.25002315  .00551602  14499-3  10444-2 0  9994
2 45068  53.0078 220.0962 0007300 351.4366 293.1540 16.00151367300778
1 45071U 20006AD  25184.65708554  .00000136  00000+0  28008-4 0  9996
2 45071  53.0562 304.5741 0001111  82.2941 277.8174 15.06404031299206
1 45072U 20006AE  25185.05885183 -.00000380  00000+0 -66585-5 0  9992
2 45072  53.0555 302.7680 0000997  94.4627 265.6476 15.06402747299615
1 45074U 20006AG  25184.73817651  .00003826  00000+0  27555-3 0  9991
2 45074  53.0549 304.2067 0001300  93.5540 266.5597 15.06410815299214
1 45080U 20006AN  25184.71606623 -.00000314  00000+0 -21956-5 0  9993
2 45080  53.0559 304.3078 0001367 109.6583 250.4554 15.06401609299210
1 45081U 20006AP  25184.63498917  .00000741  00000+0  68606-4 0  9994
2 45081  53.0563 304.7449 0001205  89.8652 270.2475 15.06404936299554
1 45083U 20006AR  25185.25002315  .00388018  00000+0  47815-2 0  9991
2 45083  53.0539 307.8252 0001316  83.5944 295.1323 15.58373385299551
1 45084U 20006AS  25184.62184257  .00096340  00000+0  12797-2 0  9993
2 45084  53.0569 276.1856 0001509 349.0459  11.0519 15.57456575299608
1 45085U 20006AT  25184.61770874  .00110408  00000+0  11184-2 0  9990
2 45085  53.0519 271.8992 0006631 309.0128  51.0296 15.64425028300007
1 45087U 20006AV  25184.67735756  .00002126  00000+0  16154-3 0  9998
2 45087  53.0542 284.4784 0001614 105.6348 254.4819 15.06408360299490
1 45088U 20006AW  25184.56679087  .00011262  00000+0  77364-3 0  9992
2 45088  53.0548 284.9740 0001287  54.6660 305.4449 15.06403932299474
1 45090U 20006AY  25184.61844134  .00095847  00000+0  13478-2 0  9994
2 45090  53.0568 272.7429 0008598 303.6587  56.3603 15.55887264299657
1 45093U 20006BB  25184.51657393  .00037787  00000+0  93325-3 0  9994
2 45093  53.0449 254.1577 0002811  13.4307 346.6771 15.40156778299906
1 45094U 20006BC  25184.91667824  .00072457  00000+0  75372-3 0  9994
2 45094  53.0552 271.5184 0006881 317.5452 229.7492 15.63932834  5927
1 45095U 20006BD  25184.64505813  .00110064  00000+0  11375-2 0  9993
2 45095  53.0529 275.1235 0001965 344.4551  15.6403 15.63939774299622
1 45096U 20006BE  25184.64948789  .00015161  00000+0  77758-3 0  9997
2 45096  53.0511 278.1563 0004630 199.0647 161.0174 15.16742878299573
1 45098U 20006BG  25184.58153362 -.00000845  00000+0 -37812-4 0  9990
2 45098  53.0560 284.9092 0001349  94.7228 265.3915 15.06397302299478
1 45100U 20006BJ  25184.57784185  .00000616  00000+0  60266-4 0  9999
2 45100  53.0545 284.9259 0001208  84.9831 275.1296 15.06395936299477
1 45179U 20012B   25184.93798974  .00007414  00000+0  29530-3 0  9994
2 45179  53.0613  68.4904 0002781 101.7296 258.4014 15.26246680297553
1 45181U 20012D   25184.91667824  .00119299  00000+0  94517-3 0  9996
2 45181  53.0521  71.4509 0002850 166.2276  45.3481 15.70464434  5916
1 45182U 20012E   25184.84785725  .00136331  00000+0  12086-2 0  9996
2 45182  53.0487  49.7664 0004865 194.9756 165.1116 15.67659858297659
1 45183U 20012F   25185.10493828 -.00001100  00000+0 -54949-4 0  9990
2 45183  53.0551  82.5536 0001826  92.8505 267.2693 15.06398776296720
1 45185U 20012H   25184.89852787 -.00000323  00000+0 -28151-5 0  9993
2 45185  53.0559  83.4846 0001456  91.4078 268.7078 15.06385759297285
1 45186U 20012J   25184.84450504  .00134591  00000+0  11219-2 0  9997
2 45186  53.0479  71.6312 0002809 179.1269 180.9753 15.69179831296851
1 45187U 20012K   25184.71791738  .00000316  00000+0  40140-4 0  9995
2 45187  53.0556  84.2971 0001861  83.7929 276.3272 15.06396516297308
1 45188U 20012L   25185.25002315  .00151879  00000+0  11731-2 0  9995
2 45188  53.0466   9.1459 0005480 180.8528  56.4452 15.70941516297428
1 45189U 20012M   25184.72159623  .00000952  00000+0  82796-4 0  9998
2 45189  53.0547  84.2794 0001287  86.1278 273.9858 15.06388462294535
1 45190U 20012N   25184.87272350  .00000246  00000+0  35433-4 0  9991
2 45190  53.0560  43.5989 0001366  92.0091 268.1054 15.06390509297793
1 45192U 20012Q   25185.06907944  .00141262  00000+0  11047-2 0  9996
2 45192  53.0569  71.0427 0002608 163.6370 196.4732 15.70695443296591
1 45194U 20012S   25185.00002315  .00119842  00000+0  11533-2 0  9999
2 45194  53.0475  69.2061 0005007 179.2601 201.1973 15.65686454296607
1 45196U 20012U   25184.84379683  .00132141  00000+0  11438-2 0  9998
2 45196  53.0469  71.3113 0003616 176.3583 183.7460 15.68267533297552
1 45197U 20012V   25184.93169390  .00000485  00000+0  51483-4 0  9992
2 45197  53.0557  83.3332 0001263  91.0042 269.1092 15.06389126297315
1 45198U 20012W   25184.85613768  .00000132  00000+0  27781-4 0  9990
2 45198  53.0553  63.6722 0001576  87.5127 272.6042 15.06391469297550
1 45201U 20012Z   25185.06623564  .00000271  00000+0  37077-4 0  9997
2 45201  53.0545  62.7326 0001534  93.8644 266.2520 15.06394128296705
1 45204U 20012AC  25185.04380337  .00132664  00000+0  12514-2 0  9995
2 45204  53.0500  50.2554 0004034 193.6986 166.3921 15.66140952296873
1 45205U 20012AD  25184.85871343  .00125812  00000+0  13118-2 0  9994
2 45205  53.0507  50.2951 0005758 193.6192 166.4668 15.63635131296879
1 45206U 20012AE  25184.87640856  .00000501  00000+0  52561-4 0  9994
2 45206  53.0556  43.5859 0001212  95.9464 264.1664 15.06390455296947
1 45207U 20012AF  25184.80791643  .00019331  00000+0  56920-3 0  9992
2 45207  53.0332  35.7470 0007316  38.0232 322.1284 15.35069436298000
1 45210U 20012AJ  25184.91667824  .00232877  00000+0  14024-2 0  9991
2 45210  53.0461  22.3256 0007051 137.9688  20.2314 15.76470594297253
1 45212U 20012AL  25184.84139724  .00000431  00000+0  47833-4 0  9993
2 45212  53.0554  63.7421 0001412  90.9548 269.1603 15.06384154297567
1 45217U 20012AR  25184.85245200 -.00000234  00000+0  31761-5 0  9992
2 45217  53.0557  63.6908 0001427  85.3220 274.7932 15.06388535296670
1 45222U 20012AW  25184.86166808  .00000049  00000+0  22178-4 0  9999
2 45222  53.0564  43.6484 0001537  89.4451 270.6714 15.06388609296950
1 45223U 20012AX  25184.88017582  .00000102  00000+0  25768-4 0  9994
2 45223  53.0557  44.2220 0001412  89.4179 270.6972 15.06389768297894
1 45225U 20012AZ  25184.83586333 -.00003801  00000+0 -23632-3 0  9994
2 45225  53.0554  43.7658 0001152  82.0084 278.1035 15.06418288297845
1 45226U 20012BA  25184.83759463  .00124614  00000+0  15687-2 0  9995
2 45226  53.0544  31.6717 0003702 209.1082 150.9724 15.58756831297972
1 45227U 20012BB  25184.87857911  .00008611  00000+0  27625-3 0  9991
2 45227  53.0714 359.9655 0002499 319.0687  41.0126 15.33150366297557
1 45228U 20012BC  25184.86904048  .00000189  00000+0  31615-4 0  9992
2 45228  53.0558  43.6169 0001500  89.2134 270.9027 15.06389183297785
1 45229U 20012BD  25185.03122061  .00000324  00000+0  40640-4 0  9999
2 45229  53.0552  42.8888 0001246  90.6173 269.4959 15.06394650296988
1 45230U 20012BE  25184.89483316  .00001766  00000+0  13744-3 0  9992
2 45230  53.0558  43.5006 0001380  83.1114 277.0032 15.06385687297918
1 45233U 20012BH  25184.88260453  .00125981  00000+0  13857-2 0  9999
2 45233  53.0488  50.7597 0005978 190.2584 169.8308 15.62264314297780
1 45235U 20012BK  25184.44515526 -.00000103  00000+0  12007-4 0  9994
2 45235  53.0563  85.5189 0001498  88.7869 271.3291 15.06389816297298
1 45236U 20012BL  25184.82960262  .00134636  00000+0  14340-2 0  9996
2 45236  53.0502  31.0784 0004356 207.7148 152.3634 15.63064970298067
1 45237U 20012BM  25184.84692675 -.00000613  00000+0 -22294-4 0  9997
2 45237  53.0564  43.7157 0001292  89.5681 270.5456 15.06386333296952
1 45360U 20019A   25185.20352987  .00000623  00000+0  60750-4 0  9999
2 45360  53.0536 172.1134 0001284  87.7656 272.3480 15.06396020292680
1 45361U 20019B   25184.72712916  .00000274  00000+0  37257-4 0  9996
2 45361  53.0538 184.2546 0001070  78.0941 282.0168 15.06393807292486
1 45362U 20019C   25184.44146642  .00000273  00000+0  37212-4 0  9993
2 45362  53.0542 205.5380 0001114  79.2515 280.8599 15.06394792292156
1 45366U 20019G   25184.75846112 -.00000020  00000+0  17531-4 0  9993
2 45366  53.0537 204.1126 0001108  82.7458 277.3657 15.06388346292216
1 45367U 20019H   25184.44883984  .00000916  00000+0  80360-4 0  9991
2 45367  53.0545 205.5065 0001029  77.2469 282.8635 15.06401396292168
1 45368U 20019J   25185.08283324  .00002333  00000+0  17547-3 0  9996
2 45368  53.0526 202.6598 0000935  91.6816 268.4280 15.06400151292263
1 45369U 20019K   25184.74379765 -.00000442  00000+0 -10817-4 0  9999
2 45369  53.0538 204.8115 0000903  74.5068 285.6020 15.06391725292203
1 45370U 20019L   25185.20445705 -.00000318  00000+0 -24564-5 0  9998
2 45370  53.0535 202.1116 0001157  94.0519 266.0602 15.06394248292251
1 45374U 20019Q   25185.02753235  .00000760  00000+0  69896-4 0  9997
2 45374  53.0533 202.9048 0001128  82.4847 277.6270 15.06389234292256
1 45375U 20019R   25185.04224497  .00003860  00000+0  27773-3 0  9994
2 45375  53.0542 202.8400 0000958  64.5496 295.5592 15.06418463292252
1 45376U 20019S   25185.19341072  .00002043  00000+0  15602-3 0  9990
2 45376  53.0547 202.1644 0001091  77.7556 282.3555 15.06394325292278
1 45377U 20019T   25184.75476002  .00000164  00000+0  29906-4 0  9999
2 45377  53.0538 204.1309 0001130  86.0141 274.0978 15.06398752292215
1 45379U 20019V   25184.74740179  .00001714  00000+0  13394-3 0  9994
2 45379  53.0531 204.1650 0001192  75.1606 284.9515 15.06400428292213
1 45381U 20019X   25185.25002315  .00128137  00000+0  12607-2 0  9991
2 45381  53.0517 167.8466 0003740  50.2763  47.6797 15.65104954292754
1 45383U 20019Z   25184.28480914  .00000026  00000+0  20659-4 0  9994
2 45383  53.0542 186.2411 0001347  88.1957 271.9186 15.06401130292413
1 45384U 20019AA  25184.73459082  .00002119  00000+0  16116-3 0  9994
2 45384  53.0540 184.8782 0001244  78.6821 281.4308 15.06386364292476
1 45386U 20019AC  25185.20629393  .00000636  00000+0  61590-4 0  9992
2 45386  53.0539 182.1039 0001215  86.0738 274.0390 15.06397417292559
1 45387U 20019AD  25185.25002315  .00057138  00000+0  26205-2 0  9998
2 45387  53.0545 181.5103 0000708  95.7590 226.9486 15.19915493292546
1 45388U 20019AE  25185.19708537 -.00006660  00000+0 -42844-3 0  9995
2 45388  53.0535 202.1488 0001761  56.3301 303.7855 15.06414032292278
1 45389U 20019AF  25184.71238297 -.00000268  00000+0  92387-6 0  9991
2 45389  53.0539 184.3179 0001303  89.1639 270.9499 15.06400947292483
1 45390U 20019AG  25185.15100568  .00000028  00000+0  20783-4 0  9993
2 45390  53.0542 182.3508 0001235  80.8685 279.2444 15.06395983292548
1 45394U 20019AL  25185.25002315  .01852554  00000+0  85570-1 0  9991
2 45394  53.0536 181.6084 0001138  89.6955 205.2325 15.16361709292294
1 45395U 20019AM  25185.18786962  .00000944  00000+0  82253-4 0  9996
2 45395  53.0537 182.1857 0001275  85.8077 274.3058 15.06387269292316
1 45397U 20019AP  25184.38433348 -.00000042  00000+0  16104-4 0  9998
2 45397  53.0540 185.7926 0001296  84.9547 275.1589 15.06394198292253
1 45398U 20019AQ  25185.25002315  .01739149  00000+0  73884-1 0  9994
2 45398  53.0539 181.0095 0001611  97.3746  64.6835 15.19504459292328
1 45399U 20019AR  25185.14824336  .00001013  00000+0  86900-4 0  9995
2 45399  53.0539 172.3665 0001201  80.0918 280.0206 15.06394471292491
1 45403U 20019AV  25184.91667824  .01236249  00000+0  33239-1 0  9998
2 45403  53.0653 171.3856 0001550  92.5068 290.0798 15.34710062  5854
1 45404U 20019AW  25184.38525024  .00000044  00000+0  21878-4 0  9995
2 45404  53.0540 175.7937 0001361  86.8710 273.2435 15.06398201292280
1 45405U 20019AX  25184.70224377  .00000166  00000+0  30068-4 0  9995
2 45405  53.0542 174.3662 0001225  84.2391 275.8738 15.06394686292332
1 45406U 20019AY  25185.17404960  .00000829  00000+0  74562-4 0  9999
2 45406  53.0540 172.2480 0001214  74.9166 285.1957 15.06403214292403
1 45408U 20019BA  25185.20076641  .00000370  00000+0  43728-4 0  9997
2 45408  53.0544 202.1295 0001357  84.1134 276.0010 15.06392380291995
1 45412U 20019BE  25185.17772763  .00000810  00000+0  73281-4 0  9992
2 45412  53.0542 172.2307 0001217  67.6187 292.4931 15.06398449292401
1 45413U 20019BF  25184.67644400  .00000700  00000+0  65896-4 0  9994
2 45413  53.0540 174.4810 0001406  88.3926 271.7224 15.06395799292426
1 45414U 20019BG  25184.66169907  .00000216  00000+0  33381-4 0  9994
2 45414  53.0543 174.5491 0001309  88.4006 271.7133 15.06394906292314
1 45415U 20019BH  25184.95289005  .00000869  00000+0  77269-4 0  9996
2 45415  53.0535 173.2398 0001211  83.8754 276.2373 15.06392015292392
1 45416U 20019BJ  25185.25002315  .00021032  00000+0  12411-2 0  9999
2 45416  53.0530 171.7814 0000801  87.2936 330.3881 15.11512217292422
1 45417U 20019BK  25185.18970859  .00000980  00000+0  84692-4 0  9990
2 45417  53.0545 202.1808 0001177  77.3885 282.7236 15.06393961292275
1 45419U 20019BM  25185.18601930  .00000898  00000+0  79143-4 0  9996
2 45419  53.0542 202.1972 0001078  88.7625 271.3488 15.06395632292016
1 45531U 20025A   25185.15469680  .00001227  00000+0  10120-3 0  9995
2 45531  53.0544 142.3336 0001335  90.5230 269.5912 15.06407749287031
1 45532U 20025B   25185.16574872 -.00000265  00000+0  11102-5 0  9992
2 45532  53.0532 142.2862 0001438  88.0425 272.0729 15.06394066287058
1 45535U 20025E   25184.80264243  .00007418  00000+0  26741-3 0  9992
2 45535  53.0760 115.6496 0000568  84.7399 275.3665 15.29566935287996
1 45538U 20025H   25184.60082143  .00000143  00000+0  28501-4 0  9995
2 45538  53.0531 144.5384 0001372  84.2469 275.8676 15.06394980286966
1 45540U 20025K   25184.87087650  .00000455  00000+0  49441-4 0  9997
2 45540  53.0545 143.6077 0001344  71.5490 288.5645 15.06392960287587
1 45542U 20025M   25184.90773443  .00000539  00000+0  55064-4 0  9996
2 45542  53.0541 143.4465 0001001  80.6713 279.4389 15.06393302287005
1 45543U 20025N   25184.61285862  .00000230  00000+0  34327-4 0  9995
2 45543  53.0549 144.7662 0001473  80.4612 279.6543 15.06396236286648
1 45544U 20025P   25184.29954918  .00000875  00000+0  77664-4 0  9991
2 45544  53.0545 146.1771 0001433  87.4084 272.7068 15.06398794287501
1 45551U 20025W   25185.25002315  .00141209  00000+0  41508-2 0  9994
2 45551  53.0554 109.5071 0000910  52.9894 300.1645 15.34104663287485
1 45553U 20025Y   25185.25002315  .00143258  00000+0  16342-2 0  9990
2 45553  53.0468 110.5139 0005885 138.7307 281.6517 15.61255216287488
1 45554U 20025Z   25184.78770437  .00016275  00000+0  57370-3 0  9990
2 45554  53.0619  99.7638 0003218  11.8843 348.2232 15.29430730288208
1 45555U 20025AA  25184.53729711  .00001082  00000+0  91536-4 0  9996
2 45555  53.0544 125.1076 0001349  86.5716 273.5427 15.06400404287213
1 45557U 20025AC  25185.18583346  .00124525  00000+0  16107-2 0  9999
2 45557  53.0480 113.7667 0002574 147.8355 212.2813 15.58039090287422
1 45558U 20025AD  25185.08940664  .00116320  00000+0  12183-2 0  9993
2 45558  53.0526 114.9204 0002385 143.6156 216.5020 15.63573350287398
1 45563U 20025AJ  25184.84275139  .00079251  00000+0  47583-3 0  9994
2 45563  53.0443  51.5677 0004274 113.9312 246.2155 15.77088222288872
1 45564U 20025AK  25185.13811459 -.00000447  00000+0 -11132-4 0  9994
2 45564  53.0548 122.4098 0001375  95.9032 264.2114 15.06389702287313
1 45565U 20025AL  25184.91667824 -.00004320  00000+0 -20603-3 0  9991
2 45565  53.0536 123.0067 0001653  82.0832  40.6867 15.16066103287283
1 45567U 20025AN  25184.22768153  .00000277  00000+0  37489-4 0  9990
2 45567  53.0547 126.4999 0001390  90.5776 269.5372 15.06396156287777
1 45568U 20025AP  25185.10496329  .00000240  00000+0  34990-4 0  9996
2 45568  53.0541 122.8015 0001514  93.1929 266.9233 15.06392399287297
1 45569U 20025AQ  25184.56310114 -.00000446  00000+0 -11055-4 0  9990
2 45569  53.0548 124.9882 0001419  90.0252 270.0900 15.06392236287218
1 45570U 20025AR  25184.55573108 -.00000169  00000+0  75409-5 0  9990
2 45570  53.0545 125.0221 0001572  86.2907 273.8261 15.06391907287226
1 45572U 20025AT  25185.02344379  .00010526  00000+0  39680-3 0  9997
2 45572  53.0637  89.2324 0005176 355.7840   4.3114 15.27622244287766
1 45573U 20025AU  25185.07267971  .00000155  00000+0  29319-4 0  9991
2 45573  53.0547 112.7003 0001473  88.5714 271.5444 15.06390538287433
1 45576U 20025AX  25185.05794483 -.00000448  00000+0 -11187-4 0  9996
2 45576  53.0548 112.7682 0001444  86.5495 273.5659 15.06394905287434
1 45578U 20025AZ  25185.18326349  .00000844  00000+0  75579-4 0  9997
2 45578  53.0551 112.2057 0001419  90.6870 269.4281 15.06391031287450
1 45580U 20025BB  25184.85797819 -.00000540  00000+0 -17364-4 0  9990
2 45580  53.0554 123.6708 0001471  93.6851 266.4307 15.06388904287861
1 45581U 20025BC  25185.19432181  .00000561  00000+0  56559-4 0  9997
2 45581  53.0546 112.1546 0002260  97.3210 262.8036 15.06393016287457
1 45582U 20025BD  25184.95105075  .00001791  00000+0  13915-3 0  9994
2 45582  53.0551 113.2493 0001331  88.3118 271.8023 15.06390906288016
1 45586U 20025BH  25185.25002315  .00060248  00000+0  28998-2 0  9993
2 45586  53.0530 111.5048 0001195  84.6706 345.2997 15.18219104287461
1 45587U 20025BJ  25184.94980971  .00115365  00000+0  98486-3 0  9993
2 45587  53.0525 100.1615 0004680 155.6746 204.4491 15.68665919288207
1 45588U 20025BK  25184.85918706  .00030233  00000+0  38367-3 0  9993
2 45588  53.0516  68.0676 0004071  93.8537 266.2940 15.59188008288048
1 45589U 20025BL  25185.08742557  .00000244  00000+0  35267-4 0  9995
2 45589  53.0551 112.6358 0001389  90.7413 269.3735 15.06389419287438
1 45590U 20025BM  25184.30693452 -.00006320  00000+0 -40579-3 0  9994
2 45590  53.0540 146.1416 0001709  98.1629 261.9554 15.06397996287517
1 45660U 20035D   25185.08834803  .00000049  00000+0  22181-4 0  9996
2 45660  53.0551 102.6317 0001317  86.3243 273.7897 15.06389852280853
1 45663U 20035G   25184.95162358  .00019378  00000+0  80629-3 0  9998
2 45663  53.0258  84.5821 0002407 166.8855 193.2204 15.23791426281090
1 45665U 20035J   25184.95934394 -.00000375  00000+0 -62532-5 0  9991
2 45665  53.0551 103.2112 0001446  85.6164 274.4990 15.06385977281234
1 45668U 20035M   25184.96307114  .00000326  00000+0  40835-4 0  9994
2 45668  53.0554 103.5124 0001937  97.5004 262.6205 15.06392476281247
1 45669U 20035N   25184.94951452  .00026131  00000+0  13212-2 0  9992
2 45669  53.0496  96.6223 0005450  26.2044 333.9224 15.16889348280918
1 45670U 20035P   25184.84046704  .00000077  00000+0  24039-4 0  9990
2 45670  53.0561  73.7438 0001419  91.8638 268.2514 15.06386604281532
1 45671U 20035Q   25185.18418704  .00000670  00000+0  63874-4 0  9991
2 45671  53.0555 102.1983 0001296  96.0102 264.1035 15.06391180280867
1 45673U 20035S   25184.80085045 -.00000084  00000+0  13294-4 0  9990
2 45673  53.0563 103.9234 0001530  94.7948 265.3215 15.06388329281225
1 45674U 20035T   25185.13995370  .00000733  00000+0  68115-4 0  9991
2 45674  53.0554 102.4031 0001395  93.5154 266.5995 15.06392762280874
1 45675U 20035U   25184.79715865 -.00000438  00000+0 -10522-4 0  9995
2 45675  53.0552 103.9400 0001487  93.1020 267.0139 15.06388188281187
1 45676U 20035V   25185.16575604  .00001054  00000+0  89651-4 0  9995
2 45676  53.0536 102.2828 0001442  90.4018 269.7136 15.06392297280860
1 45677U 20035W   25184.77873528  .00002500  00000+0  18672-3 0  9999
2 45677  53.0553 104.0196 0001358  88.4992 271.6152 15.06387558281216
1 45679U 20035Y   25185.10770027 -.00001438  00000+0 -77701-4 0  9999
2 45679  53.0563  92.5470 0001531  89.9256 270.1908 15.06384475281002
1 45685U 20035AE  25185.13847508 -.00000152  00000+0  87098-5 0  9990
2 45685  53.0553  86.8259 0001416  93.5165 266.5986 15.06392417281089
1 45686U 20035AF  25184.93446160  .00000170  00000+0  30347-4 0  9990
2 45686  53.0540  93.3250 0001499  89.6095 270.5065 15.06384301281388
1 45689U 20035AJ  25184.95289070 -.00000272  00000+0  64936-6 0  9997
2 45689  53.0552  93.2388 0001530  92.9957 267.1207 15.06392250281297
