31.2304 121.4737
39.9042 116.4074
40.7128 -74.006
51.5074 -0.1278
35.6895 139.6917
55.845645 -121.044284
-1.31141 -116.587479
37.253782 -31.377144
-55.493258 -107.939333
2.099307 40.567265
56.402486 -90.759028
-56.125146 -101.251815
-14.461451 173.505086
-9.266748 -120.745995
-54.308285 95.541903
57.52488 -88.991667
45.204951 102.019714
-38.903147 138.652784
-41.588106 -92.264667
-31.675595 100.974876
-32.161783 -78.651494
8.97899 71.190857
35.522989 178.123725
25.258835 84.755709
26.129565 90.533649
17.001723 -40.937421
-47.109697 27.605803
43.833814 143.296926
-33.394711 -100.411644
33.304478 -164.134137
32.141049 -177.342403
-43.823428 88.350162
6.731518 172.961515
-25.191939 -149.761673
45.420941 -136.932316
52.121353 -35.475215
19.601924 74.672881
-53.570118 34.771653
18.119094 -97.761013
13.675474 -165.557454
12.600763 -58.200124
23.800479 100.544568
-5.127038 -71.872798
-46.573811 169.23004
-36.50656 95.802043
-58.810177 152.13094
16.583641 98.562771
-33.155251 -37.81651
-31.634953 -111.652631
-20.057031 -94.366413
-51.335389 -64.845384
-35.525846 -152.157423
12.643465 89.249048
-7.817465 44.326602
7.642254 63.698018
34.007109 87.703316
14.785648 -9.724756
-35.93166 -25.660664
-9.617301 -159.827994
-44.775035 -116.382305
47.091641 -138.806337
-14.367727 -123.243292
15.265077 -0.298197
-11.349983 7.162479
-29.612729 32.657996
27.68082 73.425576
43.175614 -98.065752
-6.008719 169.884653
-18.922405 -128.371158
43.447127 104.263865
46.968298 92.397876
-14.031193 153.523663
-56.649728 -9.899723
-18.596991 177.224316
38.106402 -113.021552
45.232429 149.346042
26.943934 58.137842
37.579995 91.528937
-52.513375 122.824684
-6.270517 -138.009533
59.973121 169.835958
15.139711 -54.566537
11.340326 -21.143039
-4.69706 -135.299962
-57.509407 -139.461558
35.094194 73.04896
43.811947 36.366799
-50.989219 -27.723629
-25.601023 -120.574041
41.387496 77.893862
-37.476945 -128.853353
-4.24165 120.41936
-5.587965 -11.002046
1.017191 -136.941408
-0.150776 -176.875548
-15.868441 -72.243106
5.756414 -56.936564
-42.203931 165.184961
-37.010328 111.771845
-14.902873 -81.804214
-44.812989 24.372626
52.901521 -81.388238
41.95042 -150.971859
51.874124 138.173147
6.485235 -45.832597
19.047675 152.965486
-1.007495 49.446615
30.02149 -113.154969
-31.188645 134.469689
-45.449616 122.428688
-44.429443 63.033989
45.021624 151.309239
-2.840892 -9.326979
-4.052598 108.743403
17.176613 -101.117123
17.365722 -84.122054
12.004739 161.663132
10.65392 -106.553236
-53.288219 140.967093
23.968763 -102.353347
23.08675 114.688537
-54.644743 -75.991823
-4.90963 31.201763
-16.691327 -146.654124
-21.716125 -96.368064
0.820809 -16.780376
12.802097 -130.126901
-28.930136 -70.962058
28.836428 -29.94287
48.364531 -140.107826
19.72988 -66.067855
-24.402878 18.690543
-22.115061 119.756774
39.449358 -103.696246
14.665122 54.450597
23.929564 116.669537
50.277475 41.856638
-1.653461 40.743171
-16.702832 90.590377
-18.696596 -135.090264
-8.452184 -176.175947
-43.583288 -112.533976
7.694398 -18.8913
11.221679 26.926247
50.141839 146.008768
46.741692 134.090027
-25.717525 -24.113301
-37.270418 150.356957
46.54156 -8.002909
-23.7478 -47.004839
53.960058 35.954037
-35.221799 -62.879718
15.695383 -154.942134
33.011676 167.552015
-43.76321 162.994286
-19.600567 -179.84132
-41.044834 64.013996
57.35953 -119.870252
-45.510349 -121.785281
-18.303426 -165.696654
50.373736 75.245078
51.756978 116.366213
30.930995 174.996294
-25.286446 97.563673
-34.731408 -2.059195
59.107401 3.340616
41.093792 -43.632627
-15.833722 63.187161
35.890521 -46.348351
36.401288 17.81418
53.276906 14.12068
18.74438 -60.48333
-45.308982 -88.765439
-52.780167 20.003352
25.621928 154.753132
25.687028 -26.732369
27.501518 -133.497756
-42.053879 95.477379
-16.876295 -138.950317
-10.696527 153.690765
59.84206 51.762494
-31.414689 -159.414128
-2.736781 -12.933061
7.331261 113.504599
32.287434 -126.232378
6.06839 11.379668
12.770428 -146.33309
45.170606 39.593795
-48.835085 114.360591
32.537685 25.578673
-32.781808 -109.373433
54.116461 179.75361
-25.584075 143.26378
52.797238 -93.84757
-56.526883 -125.879461
33.482972 -144.566606
0.743489 -135.27954
-3.265722 -120.183104
8.086224 -64.842003
-21.514368 175.084098
-18.105589 13.842908
49.709461 109.339891
-6.626777 -58.000187
36.223128 -18.219763
14.594205 128.214455
5.077735 -63.152491
32.835924 115.010257
32.979536 79.984502
58.367704 127.963646
16.522202 -98.845128
52.163519 143.734997
-49.595947 -81.98863
11.632421 -153.346864
17.436705 -60.934322
18.630538 80.9909
32.015797 146.699976
-50.505879 168.658961
25.827671 74.712141
29.789133 -90.495212
13.750402 -121.196921
-59.668414 70.559517
39.166728 33.14292
-30.294949 -157.742756
-47.70543 59.645495
24.540797 -123.971833
-15.716287 70.653062
-15.065418 37.122753
-3.871061 -2.05756
11.898463 131.39675
45.953568 94.367305
10.799002 77.432176
-59.82256 112.528041
28.794968 134.895653
-18.825124 145.916796
14.00125 -115.044664
-52.661678 -112.276107
-10.931258 -40.159693
44.204519 -0.847625
-0.457611 26.176
-14.016386 53.019344
22.742358 14.641001
43.822434 8.503367
-27.099519 10.748684
53.826363 -140.058106
-39.251896 -21.018896
-47.396797 124.160167
41.20882 128.098874
-33.545697 -171.777945
52.144958 156.184625
42.974867 34.004519
18.215581 -142.715158
32.504328 54.970968
50.645162 132.462064
-57.940285 -127.865301
47.88874 75.086789
-5.625708 50.789838
26.17149 -148.017834
22.915597 11.762711
40.322407 1.398228
-12.796752 -81.355634
-36.784596 -7.447892
-32.913681 -29.483919
47.969331 -122.202949
10.268081 -38.990777
-24.421937 96.450917
28.568076 40.38741
49.227839 -66.596958
-39.079307 -11.103049
-53.08399 -154.784326
-55.923425 -177.338144
15.228052 81.108074
5.469687 151.212275
-33.69663 100.049955
-17.183171 31.000209
17.772183 168.214604
6.903087 23.511102
-27.865553 122.17017
-41.824397 111.935513
15.865578 34.741665
-16.587682 -107.433629
19.716884 -47.001751
11.166168 45.311587
31.916863 87.190269
-44.013346 -121.694262
29.624328 -18.261592
5.587852 -145.840827
-22.988462 8.720758
-13.999449 -65.484514
-42.46762 -140.201843
-49.550082 169.270575
-6.402526 -100.888142
-29.622696 30.489934
14.992596 18.597638
-18.445078 169.643507
-54.232547 -141.025785
-49.525519 -65.025634
-52.424531 62.139246
-37.045636 149.096078
-26.963716 71.864931
1.567407 -46.492886
12.033133 36.216847
-31.633764 -154.180287
-48.595932 179.182731
-33.943945 -58.403747
-18.739693 -165.00769
-48.03818 90.151127
36.886515 -75.419496
-12.3923 29.805647
14.747406 3.616692
40.126648 136.572833
16.780011 -99.26444
30.2515 12.281783
-23.02465 124.481171
-55.719964 -27.914665
4.652184 52.13023
46.753143 -56.663563
46.492931 -34.730316
10.471802 7.098629
50.023196 -1.594081
-31.537034 -25.558879
-53.605403 -166.461325
55.517951 -146.092523
32.391236 -15.474432
34.281985 36.700565
-16.135295 -165.94342
-30.476956 127.186214
21.860158 -111.428033
57.829641 138.757299
21.651577 18.528706
-57.974068 41.672345
-51.860717 54.211536
21.791972 99.930925
51.158055 -138.592125
35.588071 -38.357273
39.764045 -162.348486
30.780789 100.84006
-55.271689 -91.016411
-25.219781 113.127437
-30.967527 -129.999352
-4.732708 170.025574
-33.854472 -32.26792
-34.80843 15.555187
3.462966 -118.227648
-16.072075 171.505668
-13.929153 50.668667
-12.872576 -159.822749
-51.403362 41.417763
-14.826739 65.982779
-59.250809 -62.64485
-8.210512 36.340754
-59.044247 84.077726
-19.358091 -80.188144
-12.620687 46.471252
-35.695104 -70.411357
48.884035 110.329685
27.023475 -131.779783
-22.567649 -118.636706
-59.403399 -91.841036
36.847985 164.925708
35.075737 16.21458
-44.485897 -8.533111
13.392163 58.801982
58.235936 63.430031
-3.385549 171.981297
8.871972 -76.826292
-15.967955 40.095359
-52.787198 100.032494
58.052721 166.721723
15.693589 -114.681338
43.401789 144.872057
-59.722282 -54.135296
-47.625433 41.497966
-48.31256 123.417644
26.910182 132.739373
43.434434 150.783788
-6.62715 -95.584055
-12.814211 35.235263
55.343987 50.949608
-54.209651 -71.106952
-13.796782 133.425445
-24.663284 94.903531
25.809789 155.655957
-23.497636 69.761702
-42.259686 22.057252
-58.467338 48.443456
-14.864766 -21.228824
-16.032792 142.82879
-19.115409 142.875099
-45.656772 164.738274
-32.575128 -23.632401
-54.514251 82.282911
-2.714361 -80.683264
-12.429508 -63.866303
40.956032 130.395878
49.757885 -45.352127
-52.675639 132.9623
31.61714 179.182892
20.860364 32.520099
-49.312934 -179.302113
-37.699732 -107.713003
33.962477 121.300215
11.802717 63.544092
-4.55665 147.355177
-20.327376 -51.544911
34.081192 -129.184641
40.083532 2.072967
-35.070132 -62.244647
-10.233877 12.310744
57.36178 124.62539
-33.331713 -148.028498
-23.394658 -87.65351
36.7637 33.883373
-14.09088 -167.545632
-55.209425 121.417329
9.297218 157.461926
-21.786885 170.321894
28.958048 -129.007012
-49.951493 43.939386
-15.774333 69.893442
-25.621892 6.988814
-6.895697 104.109539
48.204707 -169.351454
12.219249 108.217398
56.749445 69.068631
56.580249 98.53607
-3.165112 173.263675
-12.06403 -126.357629
-21.106023 123.94083
-27.871185 -165.72016
-4.550473 159.817542
14.661538 18.248096
-49.05869 -123.211696
50.500314 -136.969603
-57.991971 89.97178
-24.643715 -161.157829
9.092631 -92.930378
-0.122569 82.102784
-20.882626 130.873081
-39.604567 25.315114
-18.241659 125.842778
-0.798844 -106.609788
-45.204091 -88.291396
47.218764 119.491016
10.894376 38.398988
-46.709979 126.518244
-12.134812 -162.375756
-1.164453 119.741259
-24.472768 -68.788854
32.206425 -88.487139
44.549662 -158.603848
-27.329009 5.625255
34.586956 -155.209665
-0.714063 115.486212
4.430275 64.158795
-57.118438 39.957998
-21.239429 -1.145229
-20.77369 -7.72715
-46.830098 159.822306
-35.351255 -50.903497
-7.333248 -9.335206
-10.988291 112.376574
37.217675 38.773531
-44.901021 -112.989488
-12.771096 -152.273119
-29.834874 112.167578
51.796799 61.992296
56.127023 -135.636407
49.881671 148.136572
-15.620051 -120.948529
-19.046831 -111.052475
35.619546 37.903478
-17.526145 -157.181814
42.918991 131.4885
31.384073 54.982026
41.871898 112.90455
16.472972 -108.83771
-9.192811 -158.452057
30.931528 147.044942
44.95453 -20.925514
-44.992678 168.030724
0.952601 114.807127
-4.366421 125.108408
-32.180149 168.981371
7.078642 90.696436
-19.414447 -53.385126
11.60654 -35.598374
41.249571 161.058081
51.959885 40.370277
-11.805436 -1.477611
11.783778 17.368345
45.871652 -36.191447
2.659598 114.58225
-45.955764 143.995891
35.005045 -41.936976
-23.512311 -92.018586
-57.65562 16.625524
-35.26277 -33.147952
40.342463 -127.362911
49.515159 -161.13469
0.300748 21.840653
